

39487
39486
39485
39484
39495
39494
39493
39492
39500
39499
39498
39497
39496
39501
39502
39503
39504
39505
39506
39507
39509
39508
39510
39511
39513
39512
39514
39516
39515
39517
39519
39518
39520
39521
39524
39523
39522
39525
39526
39527
39528
39529
39530
39533
39532
39537
39536
39535
39534
39539
39538
39540
39541
39542
39543
39544
39545
39546
39547
39549
39550
39551
39553
39555
39556
39561
39560
39559
39558
39557
39564
39563
39562
39565
39566
39568
39567
39569
39570
39573
39572
39578
39577
39576
39575
39579
39580
39581
39582
39588
39587
39586
39585
39584
39583
39589
39590
39591
39593
39596
39595
39594
39597
39598
39600
39599
39601
39605
39604
39603
39602
39607
39606
39608
39609
39611
39610
39612
39614
39613
39615
39617
39619
39618
39620
39621
39622
39623
39624
39627
39626
39625
39628
39629
39630
39631
39632
39633
39636
39635
39634
39637
39639
39640
39641
39644
39643
39646
39645
39647
39648
39649
39650
39651
39654
39653
39652
39655
39657
39658
39660
39659
39661
39662
39664
39663
39665
39666
39667
39669
39671
39672
39673
39674
39676
39675
39677
39678
39679
39681
39680
39682
39683
39684
39685
39686
39687
39689
39688
39690
39691
39693
39692
39695
39694
39696
39697
39698
39699
39700
39701
39702
39703
39704
39705
39745
39744
39749
39748
39747
39751
39750
39752
39753
39755
39754
39759
39758
39757
39756
39765
39764
39763
39762
39761
39760
39768
39767
39766
39770
39769
39772
39771
39773
39774
39786
39785
39797
39796
39795
39794
39793
39792
39791
39790
39789
39788
39787
39798
39799
39801
39800
39807
39806
39805
39804
39803
39802
39814
39813
39812
39811
39810
39809
39808
39815
39816
39827
39826
39842
39841
39840
39839
39838
39837
39836
39835
39844
39843
39853
39852
39851
39850
39849
39848
39847
39846
39845
39860
39859
39858
39857
39856
39855
39854
39861
39862
39865
39864
39866
39868
39867
39869
39870
39872
39871
39873
39874
39875
39876
39882
39881
39880
39879
39878
39877
39883
39887
39886
39885
39884
39891
39890
39889
39888
39892
39893
39894
39895
39898
39897
39896
39899
39900
39907
39906
39905
39904
39903
39902
39901
39908
39910
39909
39912
39911
39913
39914
39916
39917
39918
39919
39920
39922
39921
39925
39924
39923
39927
39926
39928
39931
39930
39929
39932
39933
39935
39934
39936
39937
39938
39939
39940
39941
39943
39942
39946
39948
39947
39949
39950
39952
39951
39955
39954
39953
39956
39957
39958
39959
39962
39961
39960
39964
39963
39965
39966
39967
39968
39989
39988
39986
39985
39984
39983
39982
39981
39980
39979
40003
40002
40001
40000
39999
39997
39996
39995
39994
39993
39992
39991
39990
39987
40005
40004
39998
40006
40007
40008
40009
40010
40012
40014
40013
40017
40018
40019
40020
40022
40027
40026
40025
40024
40023
40034
40033
40032
40031
40030
40029
40028
40035
40037
40036
40039
40040
40042
40041
40049
40048
40047
40046
40045
40044
40043
40050
40051
40053
40057
40056
40055
40054
40058
40060
40059
40061
40063
40062
40066
40067
40069
40068
40071
40070
40072
40077
40076
40075
40074
40073
40080
40079
40078
40082
40081
40083
40085
40084
40087
40086
40088
40089
40090
40091
40092
40093
40094
40095
40096
40097
40099
40101
40100
40103
40104
40105
40106
40107
40108
40111
40110
40109
40132
40131
40130
40129
40128
40127
40126
40125
40124
40123
40122
40121
40120
40119
40137
40136
40135
40134
40133
40141
40140
40139
40138
40145
40144
40143
40142
40146
40147
40148
40150
40149
40151
40152
40153
40154
40155
40156
40157
40158
40159
40160
40161
40162
40163
40166
40165
40164
40171
40170
40169
40168
40167
40172
40173
40175
40180
40179
40178
40177
40176
40174
40181
40182
40183
40184
40185
40186
40190
40189
40188
40187
40191
40192
40197
40196
40195
40194
40193
40198
40199
40200
40201
40209
40208
40207
40206
40205
40204
40203
40202
40211
40210
40212
40213
40214
40215
40216
40217
40218
40219
40220
40224
40223
40222
40221
40226
40225
40231
40230
40229
40228
40227
40232
40233
40234
40236
40237
40238
40239
40240
40241
40242
40252
40251
40250
40249
40248
40247
40246
40245
40244
40243
40253
40254
40255
40256
40257
40265
40264
40263
40262
40261
40260
40259
40258
40266
40268
40267
40270
40269
40271
40276
40275
40274
40273
40272
40279
40278
40277
40283
40282
40281
40280
40286
40285
40284
40294
40293
40292
40291
40290
40289
40288
40287
40297
40296
40295
40298
40299
40300
40301
40302
40304
40303
40307
40306
40305
40309
40308
40319
40318
40317
40316
40315
40314
40313
40312
40311
40310
40320
40321
40324
40323
40322
40333
40331
40330
40329
40328
40327
40326
40325
40334
40336
40335
40339
40338
40337
40340
40344
40343
40342
40341
40348
40353
40352
40351
40350
40349
40362
40361
40360
40359
40358
40357
40356
40355
40354
40373
40372
40371
40370
40369
40368
40367
40366
40365
40364
40363
40375
40374
40376
40382
40381
40380
40379
40378
40377
40383
40385
40384
40386
40387
40389
40390
40392
40393
40394
40395
40396
40399
40403
40404
40407
40406
40405
40408
40409
40410
40415
40411
40412
40413
40414
40417
40416
40419
40418
40420
40427
40426
40425
40424
40423
40422
40421
40429
40428
40434
40433
40432
40431
40430
40436
40435
40439
40438
40437
40448
40447
40446
40445
40444
40443
40442
40441
40440
40449
40450
40452
40451
40453
40455
40454
40459
40458
40457
40456
40460
40461
40462
40463
40464
40465
40466
40467
40470
40469
40468
40473
40472
40471
40474
40475
40482
40481
40480
40479
40478
40477
40476
40496
40495
40494
40493
40491
40490
40489
40488
40487
40486
40485
40484
40498
40497
40505
40504
40503
40502
40501
40500
40492
40509
40508
40507
40506
40510
40511
40512
40513
40528
40526
40525
40524
40523
40522
40521
40520
40519
40518
40517
40516
40515
40514
40535
40534
40533
40532
40531
40530
40529
40527
40538
40537
40536
40539
40540
40541
40542
40544
40545
40547
40546
40548
40550
40552
40551
40555
40554
40553
40560
40559
40558
40557
40556
40562
40561
40565
40564
40563
40571
40570
40569
40568
40567
40566
40580
40579
40578
40577
40576
40575
40574
40573
40572
40583
40582
40581
40584
40588
40587
40586
40585
40590
40589
40591
40592
40593
40594
40595
40597
40598
40599
40601
40600
40608
40607
40606
40605
40603
40609
40610
40612
40611
40618
40617
40616
40615
40614
40613
40620
40619
40621
40622
40631
40630
40629
40628
40627
40626
40625
40624
40623
40632
40633
40634
40635
40637
40638
40639
40641
40640
40645
40644
40643
40642
40646
40650
40649
40648
40647
40651
40653
40652
40657
40656
40655
40654
40660
40659
40658
40661
40636
40665
40664
40663
40662
40667
40666
40668
40669
40673
40672
40671
40670
40684
40683
40682
40681
40680
40679
40678
40677
40676
40675
40674
40685
40686
40687
40689
40688
40690
40691
40692
40693
40694
40695
40696
40698
40697
40699
40700
40701
